1176.98  -1176.98
Total number of readers: 2
Number of data sets: 1
Bias options by reader:  2 0
Sigma options by reader:  1 2
Total objective function: 1176.98
Number of readers: 2
Range of ages: 1 - 14
Reader #1 Minus/Plus ages: 0 / 10
Number of data sets: 1
Number of lines of data per data set:  31
Number of data points per data set: 297

Reader BiasType SigmaType
1 2 1
2 0 2

Reader Age CV SD Expected age
1 0 0.1 0.1 0.428242
1 1 0.1 0.1 1.5
1 2 0.1 0.2 2.56109
1 3 0.1 0.3 3.61163
1 4 0.1 0.4 4.65171
1 5 0.1 0.5 5.68145
1 6 0.1 0.6 6.70093
1 7 0.1 0.7 7.71028
1 8 0.1 0.8 8.70958
1 9 0.1 0.9 9.69893
1 10 0.1 1 10.6784
1 11 0.1 1.1 11.6482
1 12 0.1 1.2 12.6083
1 13 0.1 1.3 13.5589
1 14 0.1 1.4 14.5
2 0 1 1 0.5
2 1 1 1 1.5
2 2 0.867302 1.7346 2.5
2 3 0.820632 2.4619 3.5
2 4 0.795489 3.18195 4.5
2 5 0.778969 3.89485 5.5
2 6 0.766774 4.60065 6.5
2 7 0.75706 5.29942 7.5
2 8 0.748906 5.99125 8.5
2 9 0.741798 6.67618 9.5
2 10 0.735431 7.35431 10.5
2 11 0.729608 8.02569 11.5
2 12 0.724199 8.69038 12.5
2 13 0.719113 9.34847 13.5
2 14 0.714286 10 14.5

Estimated age-structure by data set
===================================
Age Data set#1 
0 0.000164204 
1 0.124959 
2 0.167652 
3 0.0937603 
4 0.24647 
5 0.143021 
6 0.129885 
7 0.0280788 
8 0.0133005 
9 0.0198686 
10 0.00656814 
11 0.00656814 
12 0.00656814 
13 0.00656814 
14 0.00656814 

Final age-reading error matrices
Matrix for reader# 1
 1 1.30107e-08 0 0 0 0 0 0 0 0 0 0 0 0 0
 4.83858e-07 0.999999 4.83858e-07 0 0 0 0 0 0 0 0 0 0 0 0
 5.39463e-14 0.00265825 0.982925 0.0144163 2.62601e-12 0 0 0 0 0 0 0 0 0 0
 1.27372e-16 7.76521e-08 0.0210903 0.880863 0.0980436 2.72299e-06 1.94289e-14 0 0 0 0 0 0 0 0
 6.56678e-18 7.97468e-11 2.33588e-05 0.051985 0.755888 0.191683 0.000420204 5.74151e-09 1.22125e-15 0 0 0 0 0 0
 1.24589e-18 9.17829e-13 8.13446e-08 0.00043179 0.086359 0.651112 0.257725 0.00436907 2.61225e-06 7.61604e-11 2.22045e-16 0 0 0 0
 4.6049e-19 4.45275e-14 1.12084e-09 4.77948e-06 0.00242616 0.119196 0.569252 0.293607 0.015438 7.66617e-05 4.07903e-08 3.15059e-12 0 0 0
 2.50217e-19 5.28462e-15 4.42656e-11 1.1129e-07 6.55187e-05 0.00745945 0.147811 0.505165 0.306414 0.032492 0.000591196 1.96637e-06 1.40098e-09 2.68563e-13 0
 1.73181e-19 1.12778e-15 3.74736e-12 5.25553e-09 2.6087e-06 0.000394323 0.0162353 0.171071 0.45399 0.304557 0.0515189 0.00220522 2.48905e-05 8.1201e-08 8.77272e-11
 1.40852e-19 3.60155e-16 5.52362e-13 4.44115e-10 1.64732e-07 2.51263e-05 0.00143237 0.0284522 0.188905 0.412179 0.294512 0.068997 0.00535356 0.000141881 1.36733e-06
 1.2821e-19 1.53346e-16 1.22764e-13 5.95765e-11 1.5935e-08 2.15061e-06 0.000135504 0.00373995 0.0431368 0.201812 0.377267 0.280427 0.0830674 0.00991277 0.000498601
 1.26595e-19 8.06913e-17 3.72138e-14 1.15149e-11 2.22335e-09 2.50126e-07 1.54016e-05 0.000491631 0.00778238 0.0590921 0.21051 0.34754 0.264723 0.0932544 0.0165907
 1.3279e-19 4.98264e-17 1.43279e-14 2.97495e-12 4.2157e-10 3.8625e-08 2.17566e-06 7.2e-05 0.00134612 0.01377 0.0752135 0.215732 0.321789 0.24873 0.123345
 1.45834e-19 3.48114e-17 6.65399e-15 9.70047e-13 1.03148e-10 7.66136e-09 3.81558e-07 1.22699e-05 0.000246322 0.00299885 0.0216205 0.0906358 0.218137 0.299149 0.3672
 1.65952e-19 2.67997e-17 3.58778e-15 3.81973e-13 3.1199e-11 1.88771e-09 8.1818e-08 2.46171e-06 4.99586e-05 0.000666606 0.00572108 0.0310173 0.104761 0.218288 0.639493
Matrix for reader# 2
 0.691426 0.241403 0.0607313 0.00617474 0.000260642 4.77299e-06 4.02992e-08 1.69173e-10 3.85025e-13 5.55112e-16 0 0 0 0 0
 0.308574 0.382852 0.241403 0.0607313 0.00617474 0.000260642 4.77299e-06 4.02992e-08 1.69173e-10 3.85025e-13 5.55112e-16 0 0 0 0
 0.193736 0.19285 0.226829 0.19285 0.118627 0.0529429 0.0172232 0.00411084 0.000725916 9.58007e-05 9.56051e-06 7.3111e-07 4.34741e-08 2.04225e-09 7.95228e-11
 0.155147 0.116083 0.148303 0.160934 0.148303 0.116083 0.077238 0.0437412 0.0211207 0.00871479 0.00308125 0.000936499 0.000245573 5.57843e-05 1.32655e-05
 0.135918 0.0802278 0.10256 0.118864 0.12486 0.118864 0.10256 0.0802278 0.0569241 0.0366585 0.0214448 0.0114072 0.0055241 0.00243874 0.00152036
 0.124232 0.0603558 0.0759614 0.0895413 0.0988365 0.102146 0.0988365 0.0895413 0.0759614 0.0603558 0.0449295 0.0313469 0.0205072 0.0125864 0.0148619
 0.116227 0.0479725 0.0593095 0.0699636 0.0787351 0.0845208 0.0865433 0.0845208 0.0787351 0.0699636 0.0593095 0.0479725 0.0370307 0.0272857 0.0519105
 0.110285 0.0396018 0.048154 0.0565187 0.0640244 0.0699926 0.0738392 0.0751684 0.0738392 0.0699926 0.0640244 0.0565187 0.048154 0.0396018 0.110285
 0.105614 0.0336006 0.0402615 0.0469271 0.0531999 0.0586571 0.0628969 0.0655874 0.0665101 0.0655874 0.0628969 0.0586571 0.0531999 0.0469271 0.179476
 0.101782 0.0291037 0.0344307 0.0398361 0.0450726 0.0498688 0.0539519 0.0570727 0.0590318 0.0597001 0.0590318 0.0570727 0.0539519 0.0498688 0.250225
 0.0985312 0.0256164 0.0299711 0.0344289 0.0388294 0.0429926 0.0467311 0.0498637 0.0522299 0.0537035 0.0542042 0.0537035 0.0522299 0.0498637 0.317101
 0.0957022 0.0228374 0.026463 0.0301958 0.0339277 0.0375359 0.0408892 0.0438561 0.0463127 0.0481517 0.0492903 0.049676 0.0492903 0.0481517 0.37772
 0.0931884 0.0205731 0.0236386 0.0268069 0.0300026 0.0331397 0.0361245 0.0388607 0.0412539 0.0432174 0.0446771 0.0455768 0.0458809 0.0455768 0.431483
 0.0909171 0.018694 0.0213203 0.0240415 0.026804 0.0295456 0.0321984 0.0346908 0.0369508 0.0389098 0.0405054 0.0416853 0.0424098 0.0426543 0.478673
 0.0888367 0.0171102 0.0193859 0.0217479 0.0241568 0.0265672 0.0289284 0.0311868 0.0332873 0.0351754 0.0368002 0.0381159 0.0390846 0.0396778 0.519939

Compute the effective sample sizes
==================================
