452.695  -452.676
Total number of readers: 2
Number of data sets: 1
Bias options by reader:  1 0
Sigma options by reader:  1 1
Total objective function: 452.695
Number of readers: 2
Range of ages: 1 - 14
Reader #1 Minus/Plus ages: 0 / 10
Number of data sets: 1
Number of lines of data per data set:  27
Number of data points per data set: 150

Reader BiasType SigmaType
1 1 1
2 0 1

Reader Age CV SD Expected age
1 0 0.137491 0.137491 0.479294
1 1 0.137491 0.137491 1.43788
1 2 0.137491 0.274981 2.39647
1 3 0.137491 0.412472 3.35506
1 4 0.137491 0.549963 4.31364
1 5 0.137491 0.687453 5.27223
1 6 0.137491 0.824944 6.23082
1 7 0.137491 0.962435 7.1894
1 8 0.137491 1.09993 8.14799
1 9 0.137491 1.23742 9.10658
1 10 0.137491 1.37491 10.0652
1 11 0.137491 1.5124 11.0238
1 12 0.137491 1.64989 11.9823
1 13 0.137491 1.78738 12.9409
1 14 0.137491 1.92487 13.8995
2 0 0.0125787 0.0125787 0.5
2 1 0.0125787 0.0125787 1.5
2 2 0.0125787 0.0251574 2.5
2 3 0.0125787 0.0377361 3.5
2 4 0.0125787 0.0503148 4.5
2 5 0.0125787 0.0628935 5.5
2 6 0.0125787 0.0754722 6.5
2 7 0.0125787 0.0880509 7.5
2 8 0.0125787 0.10063 8.5
2 9 0.0125787 0.113208 9.5
2 10 0.0125787 0.125787 10.5
2 11 0.0125787 0.138366 11.5
2 12 0.0125787 0.150944 12.5
2 13 0.0125787 0.163523 13.5
2 14 0.0125787 0.176102 14.5

Estimated age-structure by data set
===================================
Age Data set#1 
0 7.01947e-06 
1 0.046662 
2 0.153327 
3 0.0799946 
4 0.179993 
5 0.239993 
6 0.126661 
7 0.113327 
8 0.0133302 
9 0.0399956 
10 0.00135734 
11 0.00134953 
12 0.00134177 
13 0.00133405 
14 0.00132637 

Final age-reading error matrices
Matrix for reader# 1
 0.999909 9.10958e-05 0 0 0 0 0 0 0 0 0 0 0 0 0
 0.000793921 0.999178 2.76181e-05 0 0 0 0 0 0 0 0 0 0 0 0
 3.31822e-07 0.0750314 0.910562 0.0144062 7.09333e-09 0 0 0 0 0 0 0 0 0 0
 1.35703e-08 0.000565066 0.194256 0.74585 0.0592877 4.14449e-05 2.81017e-10 0 0 0 0 0 0 0 0
 2.47591e-09 1.69283e-05 0.00870274 0.27557 0.609399 0.105138 0.0011723 8.35919e-07 5.16578e-11 4.44089e-16 0 0 0 0 0
 8.64516e-10 1.49185e-06 0.000525906 0.0319638 0.313581 0.508822 0.138898 0.00616224 4.48465e-05 6.01045e-08 1.82492e-11 1.66533e-15 0 0 0
 4.23255e-10 2.59595e-07 5.48283e-05 0.0035407 0.0646164 0.321611 0.434439 0.159415 0.0158811 0.000437585 3.53582e-06 9.26973e-09 9.02856e-12 3.88578e-15 0
 2.52577e-10 6.99799e-08 9.05387e-06 0.000502852 0.0112412 0.0968002 0.313442 0.378037 0.169622 0.0284781 0.00182108 4.59849e-05 4.85348e-07 2.31009e-09 5.43965e-12
 1.70925e-10 2.53091e-08 2.12286e-06 9.47317e-05 0.00214035 0.0235499 0.122744 0.297954 0.334114 0.172902 0.0415371 0.00469833 0.000256391 6.99477e-06 1.00739e-07
 1.2591e-10 1.12403e-08 6.48017e-07 2.29381e-05 0.000479993 0.00575122 0.0384706 0.141024 0.279933 0.299077 0.171882 0.0533958 0.00906235 0.000854782 4.73649e-05
 9.84781e-11 5.79187e-09 2.41697e-07 6.84444e-06 0.000127734 0.00153119 0.0115374 0.0537045 0.152459 0.261731 0.270543 0.168338 0.0632904 0.0144927 0.00223801
 8.04781e-11 3.3339e-09 1.0521e-07 2.42235e-06 3.97681e-05 0.000456022 0.0035871 0.0190628 0.0676074 0.158559 0.24442 0.24689 0.163402 0.0710674 0.024906
 6.79813e-11 2.08849e-09 5.16934e-08 9.85341e-07 1.42027e-05 0.000152242 0.00119555 0.00678863 0.0275663 0.0793408 0.160789 0.228423 0.226984 0.157776 0.11097
 5.89128e-11 1.39763e-09 2.79692e-08 4.49236e-07 5.70685e-06 5.65616e-05 0.000431956 0.00251367 0.0110384 0.0362809 0.0886682 0.160341 0.213845 0.210011 0.276806
 5.20945e-11 9.85743e-10 1.63584e-08 2.25041e-07 2.53581e-06 2.31431e-05 0.000169299 0.000983337 0.00449667 0.0160704 0.0446092 0.0957048 0.158109 0.200648 0.479183
Matrix for reader# 2
 1 0 0 0 0 0 0 0 0 0 0 0 0 0 0
 5.94501e-83 1 0 0 0 0 0 0 0 0 0 0 0 0 0
 2.31627e-88 2.5555e-52 1 0 0 0 0 0 0 0 0 0 0 0 0
 8.59081e-89 5.945e-83 2.10862e-31 1 0 0 0 0 0 0 0 0 0 0 0
 6.37309e-89 7.1932e-87 2.99989e-73 1.93881e-20 1 0 0 0 0 0 0 0 0 0 0
 5.55601e-89 5.70534e-88 5.94494e-83 2.35332e-62 2.09408e-14 1 2.09832e-14 0 0 0 0 0 0 0 0
 5.14179e-89 1.80209e-88 6.00832e-86 1.91878e-77 2.5555e-52 8.17967e-11 1 8.17967e-11 0 0 0 0 0 0 0
 4.89396e-89 9.07838e-89 3.39663e-87 5.94465e-83 4.46922e-71 7.62205e-44 1.59872e-08 1 1.59872e-08 0 0 0 0 0 0
 4.72986e-89 5.664e-89 7.54572e-88 2.29671e-85 3.87619e-79 1.65695e-64 6.02752e-37 5.61723e-07 0.999999 5.61723e-07 0 0 0 0 0
 4.61351e-89 3.97729e-89 2.97532e-88 1.32685e-86 5.94364e-83 8.90182e-75 3.55865e-58 2.10862e-31 6.93055e-06 0.999986 6.93055e-06 0 0 0 0
 4.52686e-89 3.00641e-89 1.56295e-88 2.49287e-87 5.71391e-85 4.82521e-80 3.88168e-70 2.5555e-52 5.96259e-27 4.3663e-05 0.999913 4.3663e-05 0 0 0
 4.4599e-89 2.38852e-89 9.67307e-89 8.36251e-88 3.79575e-86 5.94111e-83 9.15648e-77 1.93895e-65 4.88932e-47 2.32925e-23 0.000175289 0.999649 0.000175289 0 0
 4.40663e-89 1.96646e-89 6.63828e-89 3.85602e-88 6.74121e-87 1.10129e-84 1.3278e-80 2.99989e-73 7.68843e-61 2.41155e-42 1.93881e-20 0.00051448 0.998971 0.00051448 0
 4.36327e-89 1.66268e-89 4.88556e-89 2.15363e-88 2.05702e-87 8.67131e-86 5.9361e-83 5.43823e-78 1.293e-69 1.90298e-56 3.29058e-38 4.81753e-18 0.00120646 0.997587 0.00120646
 4.3273e-89 1.43507e-89 3.77968e-89 1.36207e-88 8.65391e-88 1.54667e-86 1.80366e-84 5.52916e-81 3.4495e-75 5.86211e-66 2.5555e-52 1.39734e-34 4.62772e-16 0.00239865 0.997601

Compute the effective sample sizes
==================================
Data set: 1
Data_set Group Group Line Readers Obs Obs_probability Pred_Probability
Data Point: 1 1 1 13 1 1 7 0.259259 0.0466239 27
Data Point: 1 1 1 16 1 2 5 0.185185 0.0115044 27
Data Point: 1 1 1 10 2 2 17 0.62963 0.139615 27
Data Point: 1 1 1 20 2 3 2 0.0740741 0.0155395 27
Data Point: 1 1 1 22 3 2 1 0.037037 0.00220888 27
Data Point: 1 1 1 9 3 3 9 0.333333 0.0596644 27
Data Point: 1 1 1 14 3 4 3 0.111111 0.0496012 27
Data Point: 1 1 1 27 3 5 1 0.037037 0.00767115 27
Data Point: 1 1 1 7 4 3 1 0.037037 0.00474272 27
Data Point: 1 1 1 1 4 4 18 0.666667 0.109689 27
Data Point: 1 1 1 11 4 5 13 0.481481 0.0752579 27
Data Point: 1 1 1 2 5 4 6 0.222222 0.0189242 27
Data Point: 1 1 1 8 5 5 20 0.740741 0.122115 27
Data Point: 1 1 1 15 5 6 7 0.259259 0.0407358 27
Data Point: 1 1 1 21 5 7 1 0.037037 0.0109702 27
Data Point: 1 1 1 26 6 5 2 0.0740741 0.0333349 27
Data Point: 1 1 1 3 6 6 10 0.37037 0.0550267 27
Data Point: 1 1 1 5 6 7 3 0.111111 0.0355219 27
Data Point: 1 1 1 24 6 9 1 0.037037 0.00153864 27
Data Point: 1 1 1 4 7 7 11 0.407407 0.0428422 27
Data Point: 1 1 1 12 7 8 2 0.0740741 0.00397185 27
Data Point: 1 1 1 17 7 9 2 0.0740741 0.00564029 27
Data Point: 1 1 1 18 8 6 2 0.0740741 0.00201152 27
Data Point: 1 1 1 23 8 7 2 0.0740741 0.019223 27
Data Point: 1 1 1 6 8 9 2 0.0740741 0.011196 27
Data Point: 1 1 1 19 9 9 1 0.037037 0.0119617 27
Data Point: 1 1 1 25 12 12 1 0.037037 0.000304631 27
Data_Set Predicted_EFF Assumed_Eff Sample_size
1 3.19694 150 150

