nan  nan
Total number of readers: 2
Number of data sets: 1
Bias options by reader:  2 0
Sigma options by reader:  2 1
Total objective function: nan
Number of readers: 2
Range of ages: 1 - 14
Reader #1 Minus/Plus ages: 0 / 10
Number of data sets: 1
Number of lines of data per data set:  27
Number of data points per data set: 150

Reader BiasType SigmaType
1 2 2
2 0 1

Reader Age CV SD Expected age
1 0 1 1 0.428242
1 1 1 1 1.5
1 2 0.867302 1.7346 2.56109
1 3 0.820632 2.4619 3.61163
1 4 0.795489 3.18195 4.65171
1 5 0.778969 3.89485 5.68145
1 6 0.766774 4.60065 6.70093
1 7 0.75706 5.29942 7.71028
1 8 0.748906 5.99125 8.70958
1 9 0.741798 6.67618 9.69893
1 10 0.735431 7.35431 10.6784
1 11 0.729608 8.02569 11.6482
1 12 0.724199 8.69038 12.6083
1 13 0.719113 9.34847 13.5589
1 14 0.714286 10 14.5
2 0 0.1 0.1 0.5
2 1 0.1 0.1 1.5
2 2 0.1 0.2 2.5
2 3 0.1 0.3 3.5
2 4 0.1 0.4 4.5
2 5 0.1 0.5 5.5
2 6 0.1 0.6 6.5
2 7 0.1 0.7 7.5
2 8 0.1 0.8 8.5
2 9 0.1 0.9 9.5
2 10 0.1 1 10.5
2 11 0.1 1.1 11.5
2 12 0.1 1.2 12.5
2 13 0.1 1.3 13.5
2 14 0.1 1.4 14.5

Estimated age-structure by data set
===================================
Age Data set#1 
0 nan 
1 nan 
2 nan 
3 nan 
4 nan 
5 nan 
6 nan 
7 nan 
8 nan 
9 nan 
10 nan 
11 nan 
12 nan 
13 nan 
14 nan 

Final age-reading error matrices
Matrix for reader# 1
 0.716204 0.225417 0.05311 0.00506423 0.000200996 3.4741e-06 2.78237e-08 1.11448e-10 2.43583e-13 3.33067e-16 0 0 0 0 0
 0.308574 0.382852 0.241403 0.0607313 0.00617474 0.000260642 4.77299e-06 4.02992e-08 1.69173e-10 3.85025e-13 5.55112e-16 0 0 0 0
 0.184229 0.188951 0.226692 0.196591 0.123335 0.0561276 0.0186123 0.00452623 0.000813894 0.000109304 1.10919e-05 8.61776e-07 5.20145e-08 2.47771e-09 9.77651e-11
 0.144612 0.111817 0.145474 0.16077 0.15088 0.120268 0.0814827 0.0469792 0.0230891 0.00969443 0.0034867 0.00107759 0.00028721 6.62821e-05 1.60516e-05
 0.12582 0.0766365 0.0994337 0.116971 0.124719 0.120516 0.105546 0.0837988 0.0603423 0.0394335 0.0234055 0.0126301 0.00620353 0.00277714 0.00176739
 0.11497 0.0574855 0.0732116 0.0873333 0.0975566 0.102036 0.0999164 0.0916068 0.0786446 0.0632336 0.0476307 0.0336235 0.0222541 0.013817 0.0166808
 0.107937 0.0457118 0.0570488 0.0679354 0.0771802 0.0836417 0.0864607 0.0852462 0.0801683 0.0719156 0.0615432 0.0502502 0.0391541 0.0291205 0.0566866
 0.103018 0.0378364 0.04635 0.0548079 0.0625517 0.0688965 0.0732296 0.0751091 0.0743365 0.0709943 0.0654287 0.0581916 0.0499501 0.0413851 0.117914
 0.0993902 0.032238 0.0388528 0.0455488 0.0519387 0.0576016 0.062127 0.0651647 0.0664693 0.065932 0.0635983 0.059659 0.0544252 0.0482883 0.188766
 0.0966054 0.0280721 0.0333575 0.0387659 0.0440571 0.048963 0.0532089 0.056539 0.058742 0.0596735 0.0592703 0.0575603 0.0546566 0.0507463 0.259782
 0.0944017 0.0248609 0.0291822 0.0336327 0.0380562 0.0422754 0.0461034 0.0493567 0.05187 0.0535102 0.0541882 0.0538657 0.0525613 0.0503463 0.325789
 0.0926148 0.0223149 0.0259164 0.0296398 0.0333793 0.037014 0.0404135 0.0434457 0.0459852 0.0479217 0.0491682 0.0496675 0.0493958 0.0483663 0.384757
 0.0911372 0.02025 0.0233003 0.0264609 0.0296576 0.0328055 0.0358115 0.0385792 0.0410139 0.0430278 0.0445452 0.0455076 0.0458773 0.0456389 0.436387
 0.0898952 0.0185433 0.0211625 0.0238796 0.0266412 0.0293859 0.0320459 0.0345497 0.0368254 0.0388039 0.0404225 0.0416281 0.0423803 0.0426535 0.481183
 0.0888367 0.0171102 0.0193859 0.0217479 0.0241568 0.0265672 0.0289284 0.0311868 0.0332873 0.0351754 0.0368002 0.0381159 0.0390846 0.0396778 0.519939
Matrix for reader# 2
 1 4.83858e-07 0 0 0 0 0 0 0 0 0 0 0 0 0
 4.83858e-07 0.999999 4.83858e-07 0 0 0 0 0 0 0 0 0 0 0 0
 3.85588e-13 0.00644019 0.98712 0.00644019 3.8558e-13 0 0 0 0 0 0 0 0 0 0
 1.62182e-15 4.83858e-07 0.0481738 0.903651 0.0481738 4.83858e-07 1.66533e-15 0 0 0 0 0 0 0 0
 9.35564e-17 7.08232e-10 0.000105033 0.105842 0.788106 0.105842 0.000105033 7.08232e-10 1.11022e-16 0 0 0 0 0 0
 1.63391e-17 8.67793e-12 4.83849e-07 0.00145168 0.157405 0.682286 0.157405 0.00145168 4.83849e-07 8.67795e-12 0 0 0 0 0
 5.0394e-18 3.85582e-13 7.02051e-09 2.00097e-05 0.00642018 0.196024 0.595072 0.196024 0.00642018 2.00097e-05 7.02051e-09 3.8558e-13 0 0 0
 2.16204e-18 3.84993e-14 2.56073e-10 4.83601e-07 0.000204261 0.0161882 0.221226 0.524762 0.221226 0.0161882 0.000204261 4.83601e-07 2.56073e-10 3.85247e-14 0
 1.14246e-18 6.56529e-15 1.84903e-11 2.11515e-08 8.27671e-06 0.000959979 0.0298065 0.235277 0.467896 0.235277 0.0298065 0.000959979 8.27671e-06 2.11515e-08 1.84969e-11
 6.94355e-19 1.62112e-15 2.2098e-12 1.53841e-09 4.82317e-07 6.09034e-05 0.00282827 0.0452846 0.241132 0.421388 0.241132 0.0452846 0.00282827 6.09034e-05 4.83858e-07
 4.65674e-19 5.22173e-16 3.85065e-13 1.69173e-10 4.02992e-08 4.77299e-06 0.000260642 0.00617474 0.0607313 0.241403 0.382852 0.241403 0.0607313 0.00617474 0.000265455
 3.35588e-19 2.04802e-16 8.9444e-14 2.59244e-11 4.63996e-09 4.79192e-07 2.68546e-05 0.000774549 0.0110161 0.0748557 0.238073 0.350507 0.238073 0.0748557 0.011818
 2.55287e-19 9.33011e-17 2.5971e-14 5.1878e-12 7.03019e-10 6.12493e-08 3.26369e-06 0.000101708 0.0017838 0.0170659 0.0869922 0.232536 0.323034 0.232536 0.105947
 2.02475e-19 4.77517e-17 8.99424e-15 1.28866e-12 1.3432e-10 9.75536e-09 4.73967e-07 1.48376e-05 0.000289442 0.00341881 0.0238844 0.096936 0.225735 0.299442 0.350279
 1.65952e-19 2.67997e-17 3.58778e-15 3.81973e-13 3.1199e-11 1.88771e-09 8.1818e-08 2.46171e-06 4.99586e-05 0.000666606 0.00572108 0.0310173 0.104761 0.218288 0.639493

Compute the effective sample sizes
==================================
