455.761  -455.742
Total number of readers: 2
Number of data sets: 1
Bias options by reader:  0 0
Sigma options by reader:  3 1
Total objective function: 455.761
Number of readers: 2
Range of ages: 1 - 14
Reader #1 Minus/Plus ages: 0 / 10
Number of data sets: 1
Number of lines of data per data set:  27
Number of data points per data set: 150

Reader BiasType SigmaType
1 0 3
2 0 1

Reader Age CV SD Expected age
1 0 0.263026 0.263026 0.5
1 1 0.263026 0.263026 1.5
1 2 0.19058 0.38116 2.5
1 3 0.156644 0.469932 3.5
1 4 0.140748 0.562991 4.5
1 5 0.133301 0.666507 5.5
1 6 0.129813 0.77888 6.5
1 7 0.128179 0.897256 7.5
1 8 0.127414 1.01931 8.5
1 9 0.127055 1.1435 9.5
1 10 0.126888 1.26888 10.5
1 11 0.126809 1.3949 11.5
1 12 0.126772 1.52126 12.5
1 13 0.126755 1.64781 13.5
1 14 0.126747 1.77445 14.5
2 0 0.0114855 0.0114855 0.5
2 1 0.0114855 0.0114855 1.5
2 2 0.0114855 0.022971 2.5
2 3 0.0114855 0.0344565 3.5
2 4 0.0114855 0.045942 4.5
2 5 0.0114855 0.0574276 5.5
2 6 0.0114855 0.0689131 6.5
2 7 0.0114855 0.0803986 7.5
2 8 0.0114855 0.0918841 8.5
2 9 0.0114855 0.10337 9.5
2 10 0.0114855 0.114855 10.5
2 11 0.0114855 0.126341 11.5
2 12 0.0114855 0.137826 12.5
2 13 0.0114855 0.149312 13.5
2 14 0.0114855 0.160797 14.5

Estimated age-structure by data set
===================================
Age Data set#1 
0 7.02021e-06 
1 0.046662 
2 0.153327 
3 0.0799946 
4 0.179993 
5 0.239993 
6 0.126661 
7 0.113327 
8 0.0133303 
9 0.0399955 
10 0.00135824 
11 0.00134997 
12 0.00134175 
13 0.00133358 
14 0.00132547 

Final age-reading error matrices
Matrix for reader# 1
 0.97097 0.0290298 1.40637e-08 0 0 0 0 0 0 0 0 0 0 0 0
 0.0290298 0.94194 0.0290298 1.40637e-08 0 0 0 0 0 0 0 0 0 0 0
 5.1113e-05 0.0950625 0.809773 0.0950625 5.11129e-05 1.20376e-10 0 0 0 0 0 0 0 0 0
 1.00969e-07 0.000775058 0.14312 0.712209 0.14312 0.000775058 1.00969e-07 5.36793e-13 0 0 0 0 0 0 0
 8.53781e-10 6.24451e-06 0.00403399 0.183356 0.625207 0.183356 0.00403399 6.24451e-06 8.53766e-10 1.57652e-14 0 0 0 0 0
 3.8697e-11 1.42173e-07 0.000104532 0.0124054 0.214169 0.546642 0.214169 0.0124054 0.000104532 1.42173e-07 3.86943e-11 2.77556e-15 0 0 0
 5.96339e-12 9.45723e-09 4.94081e-06 0.000725256 0.0267042 0.233091 0.47895 0.233091 0.0267042 0.000725256 4.94081e-06 9.45723e-09 5.9619e-12 1.44329e-15 0
 1.92754e-12 1.3867e-09 4.4831e-07 5.81354e-05 0.0027582 0.0448528 0.241056 0.422548 0.241056 0.0448528 0.0027582 5.81354e-05 4.4831e-07 1.3867e-09 1.92757e-12
 9.47066e-13 3.43615e-10 6.85347e-08 6.91894e-06 0.000329568 0.00699868 0.0635906 0.24099 0.376169 0.24099 0.0635906 0.00699868 0.000329568 6.91894e-06 6.88792e-08
 5.886e-13 1.19866e-10 1.53883e-08 1.16995e-06 4.99412e-05 0.00114325 0.0135233 0.0803997 0.235871 0.338022 0.235871 0.0803997 0.0135233 0.00114325 5.11267e-05
 4.18959e-13 5.2501e-11 4.5714e-09 2.63065e-07 9.60374e-06 0.000214446 0.00283845 0.021708 0.0940755 0.227945 0.306418 0.227945 0.0940755 0.021708 0.00306276
 3.23781e-13 2.69081e-11 1.67015e-09 7.41553e-08 2.28148e-06 4.72418e-05 0.000641541 0.00558789 0.0306522 0.10441 0.218677 0.279964 0.218677 0.10441 0.0369312
 2.63847e-13 1.54409e-11 7.13578e-10 2.50179e-08 6.48895e-07 1.21631e-05 0.000161287 0.00148466 0.00933381 0.0395431 0.111721 0.208955 0.257575 0.208955 0.162257
 2.2296e-13 9.64061e-12 3.44213e-10 9.75032e-09 2.1474e-07 3.60791e-06 4.54363e-05 0.000422102 0.00285201 0.0138456 0.047811 0.116518 0.199291 0.238422 0.380789
 1.93434e-13 6.4239e-12 1.82803e-10 4.27309e-09 8.07139e-08 1.21291e-06 1.42901e-05 0.00013023 0.00090688 0.00477373 0.0188189 0.0551339 0.119324 0.189961 0.610935
Matrix for reader# 2
 1 0 0 0 0 0 0 0 0 0 0 0 0 0 0
 6.91527e-85 1 0 0 0 0 0 0 0 0 0 0 0 0 0
 9.54592e-89 2.23002e-57 1 0 0 0 0 0 0 0 0 0 0 0 0
 5.23386e-89 6.91475e-85 1.24151e-35 1 0 0 0 0 0 0 0 0 0 0 0
 4.40734e-89 8.867e-88 6.53641e-77 1.69092e-23 1 0 0 0 0 0 0 0 0 0 0
 4.081e-89 1.39036e-88 6.91347e-85 4.57581e-67 1.26327e-16 1 1.11022e-16 0 0 0 0 0 0 0 0
 3.91024e-89 5.63568e-89 4.02383e-87 1.79971e-80 2.23002e-57 1.79759e-12 1 1.79756e-12 0 0 0 0 0 0 0
 3.80626e-89 3.18772e-89 4.99015e-88 6.90958e-85 5.18871e-75 8.36314e-49 8.4321e-10 1 8.4321e-10 0 0 0 0 0 0
 3.73664e-89 2.11909e-89 1.62408e-88 1.06045e-86 7.27013e-82 4.52225e-69 1.39007e-41 5.45613e-08 1 5.45613e-08 0 0 0 0 0
 3.6869e-89 1.54696e-89 7.88529e-89 1.31167e-87 6.90084e-85 3.17385e-78 4.26346e-63 1.24151e-35 1.04453e-06 0.999998 1.04453e-06 0 0 0 0
 3.64966e-89 1.19978e-89 4.69648e-89 3.81327e-88 2.06131e-86 1.34669e-82 3.51844e-74 2.23002e-57 9.19447e-31 9.10895e-06 0.999982 9.10895e-06 0 0 0
 3.62077e-89 9.70514e-90 3.15494e-89 1.67031e-88 2.7734e-87 6.88509e-85 6.62265e-80 6.25121e-70 4.4913e-52 8.91396e-27 4.68017e-05 0.999906 4.68017e-05 0 0
 3.59771e-89 8.09626e-90 2.29152e-89 9.16561e-89 7.72129e-88 3.33309e-86 4.78717e-83 6.5364e-77 1.22224e-65 2.98456e-47 1.69092e-23 0.000166337 0.999667 0.000166337 0
 3.5789e-89 6.9143e-90 1.75722e-89 5.77113e-89 3.17429e-88 5.01138e-87 6.86081e-85 6.33551e-81 1.02745e-73 1.98976e-61 6.39125e-43 8.72703e-21 0.000453778 0.999092 0.000453778
 3.56326e-89 6.01444e-90 1.40204e-89 3.97918e-89 1.64174e-88 1.39194e-87 4.78507e-86 2.38118e-83 1.41491e-78 2.08502e-70 2.23002e-57 4.63598e-39 1.59289e-18 0.00101888 0.998981

Compute the effective sample sizes
==================================
Data set: 1
Data_set Group Group Line Readers Obs Obs_probability Pred_Probability
Data Point: 1 1 1 13 1 1 7 0.259259 0.0439531 27
Data Point: 1 1 1 16 1 2 5 0.185185 0.0145758 27
Data Point: 1 1 1 10 2 2 17 0.62963 0.124161 27
Data Point: 1 1 1 20 2 3 2 0.0740741 0.0114489 27
Data Point: 1 1 1 22 3 2 1 0.037037 0.0145758 27
Data Point: 1 1 1 9 3 3 9 0.333333 0.0569732 27
Data Point: 1 1 1 14 3 4 3 0.111111 0.0330032 27
Data Point: 1 1 1 27 3 5 1 0.037037 0.00297724 27
Data Point: 1 1 1 7 4 3 1 0.037037 0.0114489 27
Data Point: 1 1 1 1 4 4 18 0.666667 0.112534 27
Data Point: 1 1 1 11 4 5 13 0.481481 0.0513994 27
Data Point: 1 1 1 2 5 4 6 0.222222 0.0330032 27
Data Point: 1 1 1 8 5 5 20 0.740741 0.131191 27
Data Point: 1 1 1 15 5 6 7 0.259259 0.0295236 27
Data Point: 1 1 1 21 5 7 1 0.037037 0.00508309 27
Data Point: 1 1 1 26 6 5 2 0.0740741 0.0513994 27
Data Point: 1 1 1 3 6 6 10 0.37037 0.0606645 27
Data Point: 1 1 1 5 6 7 3 0.111111 0.0273185 27
Data Point: 1 1 1 24 6 9 1 0.037037 0.000540875 27
Data Point: 1 1 1 4 7 7 11 0.407407 0.0478866 27
Data Point: 1 1 1 12 7 8 2 0.0740741 0.00321248 27
Data Point: 1 1 1 17 7 9 2 0.0740741 0.00321564 27
Data Point: 1 1 1 18 8 6 2 0.0740741 0.00338239 27
Data Point: 1 1 1 23 8 7 2 0.0740741 0.0273185 27
Data Point: 1 1 1 6 8 9 2 0.0740741 0.00943384 27
Data Point: 1 1 1 19 9 9 1 0.037037 0.0135194 27
Data Point: 1 1 1 25 12 12 1 0.037037 0.000345625 27
Data_Set Predicted_EFF Assumed_Eff Sample_size
1 3.17286 150 150

