7859.42  -7859.39
Total number of readers: 2
Number of data sets: 1
Bias options by reader:  0 2
Sigma options by reader:  2 -1
Total objective function: 7859.42
Number of readers: 2
Range of ages: 0 - 20
Reader #1 Minus/Plus ages: 0 / 18
Number of data sets: 1
Number of lines of data per data set:  45
Number of data points per data set: 1874

Reader BiasType SigmaType
1 0 2
2 2 -1

Reader Age CV SD Expected age
1 0 1 1 0.5
1 1 1 1 1.5
1 2 0.758758 1.51752 2.5
1 3 0.676628 2.02988 3.5
1 4 0.634288 2.53715 4.5
1 5 0.607875 3.03937 5.5
1 6 0.589433 3.5366 6.5
1 7 0.575554 4.02888 7.5
1 8 0.564532 4.51625 8.5
1 9 0.55542 4.99878 9.5
1 10 0.547651 5.47651 10.5
1 11 0.540862 5.94949 11.5
1 12 0.534813 6.41775 12.5
1 13 0.529336 6.88136 13.5
1 14 0.524311 7.34036 14.5
1 15 0.519652 7.79479 15.5
1 16 0.515293 8.24469 16.5
1 17 0.511184 8.69013 17.5
1 18 0.507285 9.13112 18.5
1 19 0.503565 9.56773 19.5
1 20 0.5 10 20.5
2 0 1 1 0.396485
2 1 1 1 1.5
2 2 0.758758 1.51752 2.59253
2 3 0.676628 2.02988 3.6742
2 4 0.634288 2.53715 4.7451
2 5 0.607875 3.03937 5.80535
2 6 0.589433 3.5366 6.85504
2 7 0.575554 4.02888 7.89429
2 8 0.564532 4.51625 8.9232
2 9 0.55542 4.99878 9.94188
2 10 0.547651 5.47651 10.9504
2 11 0.540862 5.94949 11.9489
2 12 0.534813 6.41775 12.9375
2 13 0.529336 6.88136 13.9162
2 14 0.524311 7.34036 14.8852
2 15 0.519652 7.79479 15.8446
2 16 0.515293 8.24469 16.7944
2 17 0.511184 8.69013 17.7347
2 18 0.507285 9.13112 18.6657
2 19 0.503565 9.56773 19.5874
2 20 0.5 10 20.5

Estimated age-structure by data set
===================================
Age Data set#1 
0 0.000826667 
1 0.09096 
2 0.14376 
3 0.18136 
4 0.209093 
5 0.19976 
6 0.10456 
7 0.0498933 
8 0.01256 
9 0.00562667 
10 0.000533333 
11 0.000293333 
12 0.00056 
13 2.66667e-05 
14 2.66667e-05 
15 2.66667e-05 
16 2.66667e-05 
17 2.66667e-05 
18 2.66667e-05 
19 2.66667e-05 
20 2.66667e-05 

Final age-reading error matrices
Matrix for reader# 1
 0.691426 0.241403 0.0607313 0.00617474 0.000260642 4.77299e-06 4.02992e-08 1.69173e-10 3.85025e-13 5.55112e-16 0 0 0 0 0 0 0 0 0 0 0
 0.308574 0.382852 0.241403 0.0607313 0.00617474 0.000260642 4.77299e-06 4.02992e-08 1.69173e-10 3.85025e-13 5.55112e-16 0 0 0 0 0 0 0 0 0 0
 0.161661 0.209244 0.258189 0.209244 0.111544 0.0392864 0.00921038 0.00145249 0.000156182 1.16401e-05 6.12887e-07 2.3294e-08 6.54341e-10 1.39342e-11 2.31037e-13 3.10862e-15 0 0 0 0 0
 0.109341 0.120728 0.172654 0.194555 0.172654 0.120728 0.0666223 0.0290906 0.0100876 0.00279096 0.000619601 0.000111103 1.62121e-05 1.94111e-06 1.9243e-07 1.59483e-08 1.11646e-09 6.67327e-11 3.44402e-12 1.55209e-13 6.43929e-15
 0.0842074 0.0782127 0.114826 0.144642 0.156223 0.144642 0.114826 0.0782127 0.0457611 0.0230343 0.00999498 0.0037478 0.00121786 0.00034408 8.48275e-05 1.83215e-05 3.48178e-06 5.8488e-07 8.72738e-08 1.16276e-08 1.55696e-09
 0.0697214 0.0552925 0.0805033 0.10534 0.12381 0.130665 0.12381 0.10534 0.0805033 0.0552925 0.0341576 0.018998 0.00952481 0.00431072 0.001764 0.000653881 0.000220003 6.73354e-05 1.8792e-05 4.79424e-06 1.42034e-06
 0.0603264 0.0415923 0.059451 0.078538 0.0958488 0.10803 0.112427 0.10803 0.0958488 0.078538 0.059451 0.0415923 0.0269079 0.0161083 0.00893031 0.00458907 0.00218811 0.000969146 0.000399232 0.000153165 8.11471e-05
 0.0537139 0.0327229 0.0458221 0.0603883 0.0748759 0.0873232 0.0957708 0.098766 0.0957708 0.0873232 0.0748759 0.0603883 0.0458221 0.0327229 0.0220017 0.0139347 0.00831776 0.00468225 0.00248736 0.00124791 0.00104221
 0.0487736 0.0266186 0.0365393 0.0477963 0.0595629 0.070699 0.0799161 0.0860173 0.0881539 0.0860173 0.0799161 0.070699 0.0595629 0.0477963 0.0365393 0.0266186 0.0184841 0.0122392 0.0077307 0.00465999 0.0056596
 0.0449118 0.0222124 0.0299358 0.0387893 0.0483141 0.0578362 0.0665317 0.073538 0.0780934 0.0796745 0.0780934 0.073538 0.0665317 0.0578362 0.0483141 0.0387893 0.0299358 0.0222124 0.01585 0.0108794 0.0181825
 0.0417844 0.0189095 0.0250642 0.0321527 0.0399121 0.0479349 0.055694 0.0625937 0.068043 0.0715392 0.0727446 0.0715392 0.068043 0.0625937 0.055694 0.0479349 0.0399121 0.0321527 0.0250642 0.0189095 0.0417844
 0.0391791 0.0163569 0.0213592 0.0271296 0.0335135 0.0402589 0.0470249 0.0534047 0.0589637 0.0632877 0.0660337 0.0669758 0.0660337 0.0632877 0.0589637 0.0534047 0.0470249 0.0402589 0.0335135 0.0271296 0.0768953
 0.0369586 0.0143341 0.0184686 0.0232366 0.0285458 0.0342372 0.040087 0.045817 0.0511138 0.0556563 0.0591478 0.0613476 0.0620993 0.0613476 0.0591478 0.0556563 0.0511138 0.045817 0.040087 0.0342372 0.121544
 0.03503 0.0126972 0.0161639 0.0201564 0.0246189 0.0294497 0.0344998 0.0395771 0.0444572 0.0488975 0.0526577 0.0555204 0.0573127 0.0579232 0.0573127 0.0555204 0.0526577 0.0488975 0.0444572 0.0395771 0.172616
 0.0333284 0.011349 0.014292 0.0176746 0.0214634 0.0255923 0.0299606 0.0344349 0.0388538 0.0430363 0.0467934 0.0499425 0.0523216 0.0538035 0.0543071 0.0538035 0.0523216 0.0499425 0.0467934 0.0430363 0.226949
 0.0318072 0.0102218 0.0127472 0.0156432 0.0188899 0.022444 0.026237 0.0301752 0.0341418 0.0380021 0.04161 0.0448171 0.0474825 0.0494835 0.0507247 0.0511455 0.0507247 0.0494835 0.0474825 0.0448171 0.281919
 0.0304321 0.009267 0.0114546 0.013957 0.0167628 0.0198437 0.0231524 0.0266227 0.0301697 0.0336927 0.0370796 0.0402119 0.0429719 0.0452497 0.0469508 0.0480022 0.0483581 0.0480022 0.0469508 0.0452497 0.335618
 0.0291773 0.00844906 0.0103599 0.01254 0.0149836 0.017672 0.0205728 0.0236384 0.0268068 0.0300027 0.03314 0.0361251 0.0388615 0.0412548 0.0432185 0.0446784 0.0455781 0.0458822 0.0455781 0.0446784 0.386802
 0.028023 0.00774138 0.00942277 0.0113362 0.0134792 0.0158399 0.0183957 0.0211125 0.0239447 0.0268356 0.0297191 0.0325214 0.0351645 0.0375692 0.0396593 0.0413656 0.0426294 0.0434063 0.0436686 0.0434063 0.434759
 0.0269536 0.00712373 0.00861296 0.0103034 0.0121949 0.0142799 0.0165428 0.0189591 0.021495 0.0241076 0.0267461 0.0293525 0.0318639 0.0342148 0.03634 0.0381773 0.0396707 0.0407732 0.0414496 0.0416777 0.479161
 0.025957 0.00658046 0.00790726 0.00940965 0.0110888 0.0129402 0.0149533 0.0171102 0.0193859 0.0217479 0.0241568 0.0265672 0.0289284 0.0311868 0.0332873 0.0351754 0.0368002 0.0381159 0.0390846 0.0396778 0.519939
Matrix for reader# 2
 0.726856 0.218354 0.0499755 0.00463212 0.000178915 3.01468e-06 2.35895e-08 9.25593e-11 1.98841e-13 2.22045e-16 0 0 0 0 0 0 0 0 0 0 0
 0.308574 0.382852 0.241403 0.0607313 0.00617474 0.000260642 4.77299e-06 4.02992e-08 1.69173e-10 3.85025e-13 5.55112e-16 0 0 0 0 0 0 0 0 0 0
 0.14721 0.200905 0.257724 0.217149 0.120316 0.044021 0.0107123 0.00175156 0.000195007 1.50237e-05 8.16181e-07 3.19398e-08 9.217e-10 2.01149e-11 3.40949e-13 4.66294e-15 0 0 0 0 0
 0.0941689 0.110713 0.165023 0.193851 0.179337 0.130705 0.075153 0.0341736 0.0123319 0.00354743 0.00081796 0.000152152 2.30004e-05 2.84863e-06 2.91639e-07 2.49186e-08 1.79511e-09 1.10204e-10 5.83011e-12 2.68896e-13 1.13243e-14
 0.0703177 0.0695516 0.106 0.138642 0.155502 0.149514 0.123248 0.0871526 0.0529206 0.0276341 0.0124326 0.0048305 0.00162528 0.000475053 0.000121052 2.69966e-05 5.29167e-06 9.15793e-07 1.40612e-07 1.9252e-08 2.65339e-09
 0.057312 0.0482679 0.0725941 0.0981452 0.119203 0.130011 0.127311 0.111936 0.0883898 0.0627165 0.0400145 0.0229779 0.0118894 0.00555081 0.00234197 0.000894553 0.000309945 9.76219e-05 2.80159e-05 7.344e-06 2.24865e-06
 0.0492891 0.0359534 0.0528425 0.0717925 0.0901204 0.104486 0.111863 0.110577 0.100924 0.0850632 0.0662247 0.0476432 0.0316886 0.0194985 0.0111075 0.00586312 0.00287053 0.00130495 0.000551497 0.00021696 0.000119129
 0.0439057 0.0281833 0.0404163 0.0545559 0.0692932 0.0827901 0.0930274 0.0982942 0.0976562 0.0912288 0.0801416 0.0662133 0.0514631 0.0376393 0.0259145 0.0168033 0.0102664 0.00591389 0.00321397 0.00164907 0.00143038
 0.0400687 0.0229449 0.032143 0.0429139 0.0545885 0.066145 0.0763316 0.0838807 0.0877673 0.0874371 0.0829381 0.0749083 0.0644263 0.052774 0.0411796 0.0306165 0.021695 0.0146567 0.0094439 0.00580609 0.00733489
 0.0372073 0.0192273 0.0263649 0.0347619 0.0440613 0.0536794 0.0628473 0.0707032 0.0764232 0.0793632 0.0791784 0.075891 0.069885 0.0618322 0.0525684 0.0429508 0.0337304 0.0254659 0.0184875 0.0129089 0.0224626
 0.0349974 0.0164795 0.0221661 0.0288578 0.036357 0.0443202 0.0522692 0.0596312 0.0658032 0.0702324 0.0724984 0.0723783 0.0698842 0.0652607 0.0589445 0.0514972 0.0435223 0.0355858 0.0281537 0.0215552 0.0496059
 0.0332427 0.0143809 0.0190129 0.0244518 0.0305857 0.037206 0.0440099 0.0506162 0.0565973 0.0615235 0.0650138 0.0667848 0.0666882 0.0647322 0.0610803 0.0560275 0.0499625 0.0433169 0.0365154 0.0299323 0.088319
 0.0318176 0.0127347 0.0165787 0.0210772 0.0261652 0.0317132 0.0375251 0.0433446 0.0488706 0.0537818 0.0577668 0.0605564 0.0619547 0.0618604 0.0602805 0.0573289 0.0532123 0.0482066 0.0426265 0.0367922 0.135806
 0.0306383 0.0114141 0.0146554 0.0184333 0.0227099 0.0274029 0.0323827 0.0374744 0.0424654 0.0471185 0.05119 0.0544503 0.0567055 0.057817 0.0577143 0.0564043 0.0539693 0.0505584 0.0463728 0.0416459 0.188477
 0.0296471 0.0103346 0.0131054 0.016321 0.0199594 0.0239672 0.0282574 0.0327086 0.0371695 0.0414652 0.0454085 0.0488124 0.0515054 0.0533452 0.054232 0.0541161 0.0530043 0.050958 0.0480879 0.0445442 0.243051
 0.0288029 0.00943797 0.0118349 0.0146043 0.0177338 0.0211884 0.0249085 0.0288087 0.03278 0.036693 0.0404047 0.0437664 0.0466334 0.0488757 0.0503874 0.0510954 0.0509642 0.0500008 0.0482525 0.0458033 0.297024
 0.0280754 0.00868286 0.0107779 0.0131881 0.0159067 0.0189106 0.0221584 0.0255891 0.0291233 0.0326647 0.0361038 0.0393234 0.0422049 0.0446353 0.0465148 0.0477634 0.0483271 0.0481805 0.0473303 0.0458141 0.348725
 0.0274424 0.00803926 0.00988724 0.0120043 0.0143871 0.0170205 0.0198751 0.0229071 0.0260577 0.0292546 0.0324138 0.0354432 0.0382466 0.0407287 0.0428004 0.0443843 0.0454195 0.0458654 0.0457038 0.0449415 0.397178
 0.0268866 0.00748489 0.00912818 0.0110031 0.0131086 0.0154345 0.01796 0.020653 0.0234697 0.0263552 0.0292448 0.0320659 0.0347409 0.0371905 0.0393378 0.041112 0.0424526 0.0433126 0.0436614 0.0434858 0.441912
 0.026395 0.00700293 0.00847476 0.0101475 0.0120216 0.0140902 0.0163384 0.0187425 0.0212695 0.0238773 0.0265158 0.0291274 0.0316497 0.0340174 0.0361648 0.0380296 0.0395551 0.0406934 0.0414081 0.041676 0.482803
 0.025957 0.00658046 0.00790726 0.00940965 0.0110888 0.0129402 0.0149533 0.0171102 0.0193859 0.0217479 0.0241568 0.0265672 0.0289284 0.0311868 0.0332873 0.0351754 0.0368002 0.0381159 0.0390846 0.0396778 0.519939

Compute the effective sample sizes
==================================
