458.587  -458.568
Total number of readers: 2
Number of data sets: 1
Bias options by reader:  0 0
Sigma options by reader:  1 1
Total objective function: 458.587
Number of readers: 2
Range of ages: 1 - 14
Reader #1 Minus/Plus ages: 0 / 10
Number of data sets: 1
Number of lines of data per data set:  27
Number of data points per data set: 150

Reader BiasType SigmaType
1 0 1
2 0 1

Reader Age CV SD Expected age
1 0 0.145469 0.145469 0.5
1 1 0.145469 0.145469 1.5
1 2 0.145469 0.290938 2.5
1 3 0.145469 0.436407 3.5
1 4 0.145469 0.581876 4.5
1 5 0.145469 0.727345 5.5
1 6 0.145469 0.872813 6.5
1 7 0.145469 1.01828 7.5
1 8 0.145469 1.16375 8.5
1 9 0.145469 1.30922 9.5
1 10 0.145469 1.45469 10.5
1 11 0.145469 1.60016 11.5
1 12 0.145469 1.74563 12.5
1 13 0.145469 1.8911 13.5
1 14 0.145469 2.03656 14.5
2 0 0.0118151 0.0118151 0.5
2 1 0.0118151 0.0118151 1.5
2 2 0.0118151 0.0236303 2.5
2 3 0.0118151 0.0354454 3.5
2 4 0.0118151 0.0472605 4.5
2 5 0.0118151 0.0590756 5.5
2 6 0.0118151 0.0708908 6.5
2 7 0.0118151 0.0827059 7.5
2 8 0.0118151 0.094521 8.5
2 9 0.0118151 0.106336 9.5
2 10 0.0118151 0.118151 10.5
2 11 0.0118151 0.129966 11.5
2 12 0.0118151 0.141782 12.5
2 13 0.0118151 0.153597 13.5
2 14 0.0118151 0.165412 14.5

Estimated age-structure by data set
===================================
Age Data set#1 
0 7.02007e-06 
1 0.046662 
2 0.153327 
3 0.0799946 
4 0.179993 
5 0.239993 
6 0.126661 
7 0.113327 
8 0.0133303 
9 0.0399955 
10 0.00135808 
11 0.00134989 
12 0.00134176 
13 0.00133367 
14 0.00132563 

Final age-reading error matrices
Matrix for reader# 1
 0.999668 0.00033243 0 0 0 0 0 0 0 0 0 0 0 0 0
 0.00033243 0.999335 0.00033243 0 0 0 0 0 0 0 0 0 0 0 0
 2.27741e-07 0.0432308 0.913538 0.0432308 2.27741e-07 2.22045e-16 0 0 0 0 0 0 0 0 0
 1.22732e-08 0.000332418 0.125882 0.747571 0.125882 0.000332418 1.22732e-08 1.32117e-14 0 0 0 0 0 0 0
 2.61832e-09 1.1609e-05 0.00516673 0.190058 0.609528 0.190058 0.00516673 1.1609e-05 2.61824e-09 8.60423e-14 0 0 0 0 0
 1.00974e-09 1.17226e-06 0.000331257 0.0196061 0.226052 0.508019 0.226052 0.0196061 0.000331257 1.17226e-06 1.00948e-09 2.60125e-13 0 0 0
 5.29376e-10 2.27212e-07 3.77158e-05 0.00218355 0.0410095 0.240192 0.433155 0.240192 0.0410095 0.00218355 3.77158e-05 2.27212e-07 5.28837e-10 5.38902e-13 2.22045e-16
 3.32081e-10 6.66683e-08 6.78671e-06 0.000325576 0.00695334 0.0634395 0.241015 0.37652 0.241015 0.0634395 0.00695334 0.000325576 6.78671e-06 6.66683e-08 3.32081e-10
 2.33435e-10 2.57926e-08 1.7175e-06 6.5186e-05 0.0013508 0.0147595 0.0828432 0.234731 0.332498 0.234731 0.0828432 0.0147595 0.0013508 6.5186e-05 1.74352e-06
 1.77177e-10 1.2096e-08 5.60053e-07 1.67831e-05 0.000315074 0.00360329 0.0245354 0.0977436 0.225068 0.297435 0.225068 0.0977436 0.0245354 0.00360329 0.00033243
 1.41959e-10 6.5175e-09 2.21082e-07 5.3047e-06 8.7806e-05 0.000980579 0.00724822 0.0349089 0.108219 0.214093 0.268915 0.214093 0.108219 0.0349089 0.00832214
 1.1834e-10 3.89361e-09 1.01054e-07 1.97858e-06 2.86589e-05 0.000301687 0.00227199 0.012076 0.044797 0.114973 0.202901 0.245297 0.202901 0.114973 0.0594774
 1.01642e-10 2.51668e-09 5.17953e-08 8.43787e-07 1.07134e-05 0.00010451 0.000773207 0.00428902 0.0176626 0.0535597 0.118835 0.192046 0.225436 0.192046 0.195236
 8.9339e-11 1.72972e-09 2.90749e-08 4.01361e-07 4.4938e-06 4.03365e-05 0.000287167 0.0016059 0.00699408 0.023549 0.0609257 0.120547 0.181789 0.208514 0.395743
 7.99672e-11 1.24831e-09 1.75625e-08 2.08851e-07 2.07808e-06 1.71358e-05 0.000116063 0.000640433 0.00285787 0.0102463 0.0293509 0.066865 0.120708 0.172231 0.596965
Matrix for reader# 2
 1 0 0 0 0 0 0 0 0 0 0 0 0 0 0
 2.44102e-84 1 0 0 0 0 0 0 0 0 0 0 0 0 0
 1.20417e-88 8.26471e-56 1 0 0 0 0 0 0 0 0 0 0 0 0
 5.94051e-89 2.44096e-84 2.79941e-34 1 0 0 0 0 0 0 0 0 0 0 0
 4.83733e-89 1.57934e-87 7.91013e-76 1.65892e-22 1 0 0 0 0 0 0 0 0 0 0
 4.40897e-89 2.06522e-88 2.44077e-84 1.24017e-65 6.69382e-16 1 6.66134e-16 0 0 0 0 0 0 0 0
 4.18645e-89 7.85528e-89 8.5129e-87 1.3718e-79 8.26471e-56 6.27498e-12 1 6.27498e-12 0 0 0 0 0 0 0
 4.05148e-89 4.31679e-89 8.49228e-88 2.44008e-84 7.69887e-74 3.03149e-47 2.21421e-09 1 2.21421e-09 0 0 0 0 0 0
 3.96132e-89 2.82548e-89 2.49601e-88 2.49794e-86 4.46885e-81 1.08877e-67 4.1254e-40 1.17368e-07 1 1.17368e-07 0 0 0 0 0
 3.89702e-89 2.04349e-89 1.14766e-88 2.49255e-87 2.43835e-84 3.28137e-77 1.37927e-61 2.79941e-34 1.94578e-06 0.999996 1.94578e-06 0 0 0 0
 3.84893e-89 1.57529e-89 6.61751e-89 6.42989e-88 5.2188e-86 7.32557e-82 5.66129e-73 8.26471e-56 1.5478e-29 1.52513e-05 0.999969 1.52513e-05 0 0 0
 3.81164e-89 1.26896e-89 4.35347e-89 2.62155e-88 5.74244e-87 2.43492e-84 5.47595e-79 1.42134e-68 1.69089e-50 1.13243e-25 7.22585e-05 0.999855 7.22585e-05 0 0
 3.7819e-89 1.05542e-89 3.11713e-89 1.3736e-88 1.41081e-87 8.88702e-86 2.40814e-82 7.91013e-76 3.56016e-64 1.05001e-45 1.65892e-22 0.000241146 0.999518 0.000241146 0
 3.75765e-89 8.99327e-90 2.36597e-89 8.38058e-89 5.34562e-88 1.10993e-86 2.42923e-84 4.51368e-80 1.72642e-72 6.79036e-60 1.99103e-41 6.79274e-20 0.000625902 0.998748 0.000625902
 3.7375e-89 7.80941e-90 1.87343e-89 5.64986e-89 2.61455e-88 2.72197e-87 1.32669e-85 1.1349e-82 1.39916e-77 4.58457e-69 8.26471e-56 1.23876e-37 1.01036e-17 0.00135018 0.99865

Compute the effective sample sizes
==================================
Data set: 1
Data_set Group Group Line Readers Obs Obs_probability Pred_Probability
Data Point: 1 1 1 13 1 1 7 0.259259 0.0466313 27
Data Point: 1 1 1 16 1 2 5 0.185185 0.0066285 27
Data Point: 1 1 1 10 2 2 17 0.62963 0.140071 27
Data Point: 1 1 1 20 2 3 2 0.0740741 0.01007 27
Data Point: 1 1 1 22 3 2 1 0.037037 0.0066285 27
Data Point: 1 1 1 9 3 3 9 0.333333 0.059802 27
Data Point: 1 1 1 14 3 4 3 0.111111 0.0342094 27
Data Point: 1 1 1 27 3 5 1 0.037037 0.00470537 27
Data Point: 1 1 1 7 4 3 1 0.037037 0.01007 27
Data Point: 1 1 1 1 4 4 18 0.666667 0.109712 27
Data Point: 1 1 1 11 4 5 13 0.481481 0.0542513 27
Data Point: 1 1 1 2 5 4 6 0.222222 0.0342094 27
Data Point: 1 1 1 8 5 5 20 0.740741 0.121922 27
Data Point: 1 1 1 15 5 6 7 0.259259 0.030423 27
Data Point: 1 1 1 21 5 7 1 0.037037 0.00718949 27
Data Point: 1 1 1 26 6 5 2 0.0740741 0.0542513 27
Data Point: 1 1 1 3 6 6 10 0.37037 0.054864 27
Data Point: 1 1 1 5 6 7 3 0.111111 0.0273138 27
Data Point: 1 1 1 24 6 9 1 0.037037 0.00098131 27
Data Point: 1 1 1 4 7 7 11 0.407407 0.0426703 27
Data Point: 1 1 1 12 7 8 2 0.0740741 0.00312905 27
Data Point: 1 1 1 17 7 9 2 0.0740741 0.00390932 27
Data Point: 1 1 1 18 8 6 2 0.0740741 0.00519433 27
Data Point: 1 1 1 23 8 7 2 0.0740741 0.0273138 27
Data Point: 1 1 1 6 8 9 2 0.0740741 0.00900173 27
Data Point: 1 1 1 19 9 9 1 0.037037 0.0118961 27
Data Point: 1 1 1 25 12 12 1 0.037037 0.000302508 27
Data_Set Predicted_EFF Assumed_Eff Sample_size
1 3.16329 150 150

