727.784  -727.724
Total number of readers: 2
Number of data sets: 1
Bias options by reader:  0 0
Sigma options by reader:  2 1
Total objective function: 727.784
Number of readers: 2
Range of ages: 1 - 14
Reader #1 Minus/Plus ages: 0 / 10
Number of data sets: 1
Number of lines of data per data set:  27
Number of data points per data set: 268

Reader BiasType SigmaType
1 0 2
2 0 1

Reader Age CV SD Expected age
1 0 0.26576 0.26576 0.5
1 1 0.26576 0.26576 1.5
1 2 0.180447 0.360893 2.5
1 3 0.154705 0.464115 3.5
1 4 0.144028 0.576113 4.5
1 5 0.139527 0.697633 5.5
1 6 0.138247 0.829484 6.5
1 7 0.138935 0.972546 7.5
1 8 0.140971 1.12777 8.5
1 9 0.144021 1.29619 9.5
1 10 0.147893 1.47893 10.5
1 11 0.152473 1.67721 11.5
1 12 0.157695 1.89234 12.5
1 13 0.16352 2.12577 13.5
1 14 0.169931 2.37904 14.5
2 0 0.00982505 0.00982505 0.5
2 1 0.00982505 0.00982505 1.5
2 2 0.00982505 0.0196501 2.5
2 3 0.00982505 0.0294751 3.5
2 4 0.00982505 0.0393002 4.5
2 5 0.00982505 0.0491252 5.5
2 6 0.00982505 0.0589503 6.5
2 7 0.00982505 0.0687753 7.5
2 8 0.00982505 0.0786004 8.5
2 9 0.00982505 0.0884254 9.5
2 10 0.00982505 0.0982505 10.5
2 11 0.00982505 0.108076 11.5
2 12 0.00982505 0.117901 12.5
2 13 0.00982505 0.127726 13.5
2 14 0.00982505 0.137551 14.5

Estimated age-structure by data set
===================================
Age Data set#1 
0 1.89662e-06 
1 0.0671583 
2 0.108203 
3 0.175366 
4 0.309694 
5 0.216411 
6 0.0820835 
7 0.0335767 
8 0.00372758 
9 0.00372758 
10 2.40837e-05 
11 1.29599e-05 
12 6.97395e-06 
13 3.75281e-06 
14 2.01945e-06 

Final age-reading error matrices
Matrix for reader# 1
 0.969663 0.0303365 1.91464e-08 0 0 0 0 0 0 0 0 0 0 0 0
 0.0303365 0.939327 0.0303365 1.91464e-08 0 0 0 0 0 0 0 0 0 0 0
 2.08901e-05 0.083275 0.833408 0.083275 2.08901e-05 1.3495e-11 0 0 0 0 0 0 0 0 0
 7.21658e-08 0.000677389 0.140224 0.718197 0.140224 0.000677389 7.21655e-08 2.96541e-13 0 0 0 0 0 0 0
 1.87976e-09 9.66566e-06 0.00480249 0.188066 0.614245 0.188066 0.00480249 9.66566e-06 1.87971e-09 5.20695e-14 0 0 0 0 0
 2.25882e-10 4.45885e-07 0.000195394 0.0159056 0.22077 0.526257 0.22077 0.0159056 0.000195394 4.45885e-07 2.2585e-10 3.23075e-14 0 0 0
 7.91187e-11 5.92907e-08 1.60038e-05 0.00137292 0.0342705 0.237727 0.453226 0.237727 0.0342705 0.00137292 1.60038e-05 5.92907e-08 7.90745e-11 4.41869e-14 0
 5.79472e-11 1.80093e-08 2.71561e-06 0.00018241 0.00510126 0.0565799 0.241759 0.392749 0.241759 0.0565799 0.00510126 0.00018241 2.71561e-06 1.80093e-08 5.79472e-11
 7.04766e-11 1.01221e-08 8.56686e-07 4.02212e-05 0.000998165 0.0125922 0.0784409 0.236709 0.342437 0.236709 0.0784409 0.0125922 0.000998165 4.02212e-05 8.66878e-07
 1.21256e-10 8.91497e-09 4.41955e-07 1.40908e-05 0.000279326 0.00334427 0.0236162 0.0965971 0.226009 0.300279 0.226009 0.0965971 0.0236162 0.00334427 0.000293868
 2.636e-10 1.08452e-08 3.32438e-07 7.26591e-06 0.000110592 0.00114792 0.00798051 0.0366131 0.10958 0.212223 0.264674 0.212223 0.10958 0.0366131 0.00924663
 6.67838e-10 1.65732e-08 3.318e-07 5.10134e-06 5.92453e-05 0.000512012 0.00324934 0.0149705 0.0496027 0.117329 0.197088 0.234367 0.197088 0.117329 0.0683993
 1.85977e-09 2.9624e-08 4.07682e-07 4.55142e-06 4.0745e-05 0.000289377 0.0016148 0.00701985 0.0235994 0.0609825 0.120554 0.181704 0.20838 0.181704 0.214106
 5.45417e-09 5.86972e-08 5.81474e-07 4.8706e-06 3.42144e-05 0.00020003 0.000966506 0.00383532 0.01243 0.0327451 0.0698421 0.120242 0.166727 0.185945 0.407027
 1.63244e-08 1.23805e-07 9.19694e-07 5.96412e-06 3.35671e-05 0.00016307 0.00068035 0.00242653 0.00736775 0.0189756 0.0413254 0.0759074 0.117363 0.152521 0.583229
Matrix for reader# 2
 1 0 0 0 0 0 0 0 0 0 0 0 0 0 0
 3.92118e-87 1 0 0 0 0 0 0 0 0 0 0 0 0 0
 4.38118e-89 9.65548e-66 1 0 0 0 0 0 0 0 0 0 0 0 0
 3.5105e-89 3.88607e-87 1.28658e-43 1 0 0 0 0 0 0 0 0 0 0 0
 3.31472e-89 8.50409e-89 6.42417e-82 1.25576e-29 1 0 0 0 0 0 0 0 0 0 0
 3.23477e-89 2.42898e-89 3.86454e-87 2.90333e-74 3.29635e-21 1 0 0 0 0 0 0 0 0 0
 3.19252e-89 1.18865e-89 2.00235e-88 2.21182e-84 9.65548e-66 5.92087e-16 1 5.55112e-16 0 0 0 0 0 0 0
 3.16672e-89 7.26591e-90 5.50946e-89 3.82715e-87 1.56638e-80 1.72875e-57 1.6419e-12 1 1.64191e-12 0 0 0 0 0 0
 3.14943e-89 5.01434e-90 2.52937e-89 3.38156e-88 2.72119e-85 6.53252e-76 4.66242e-50 3.76601e-10 1 3.76601e-10 0 0 0 0 0
 3.13709e-89 3.73404e-90 1.46145e-89 9.5899e-89 3.77556e-87 7.53562e-83 7.00904e-71 1.28658e-43 1.81414e-08 1 1.81414e-08 0 0 0 0
 3.12786e-89 2.9287e-90 9.60445e-90 4.2942e-89 4.80832e-88 9.31129e-86 6.5526e-80 9.65548e-66 3.86631e-38 3.15183e-07 0.999999 3.15183e-07 0 0 0
 3.12071e-89 2.38468e-90 6.85199e-90 2.41049e-89 1.44362e-88 3.71227e-87 5.28497e-84 1.3241e-76 1.03586e-60 1.61555e-33 2.74154e-06 0.999995 2.74154e-06 0 0
 3.115e-89 1.99714e-90 5.1742e-90 1.54288e-89 6.44378e-89 6.17165e-88 4.85206e-86 6.42368e-82 4.5779e-73 6.29766e-56 1.25576e-29 1.46857e-05 0.999971 1.46857e-05 0
 3.11035e-89 1.70953e-90 4.07322e-90 1.07508e-89 3.56314e-89 1.9777e-88 3.64014e-87 1.10596e-84 1.47265e-79 2.0607e-69 1.81994e-51 2.39774e-26 5.54736e-05 0.999889 5.54736e-05
 3.10649e-89 1.48901e-90 3.30978e-90 7.94806e-90 2.24365e-89 8.91824e-89 7.41529e-88 3.12054e-86 4.28979e-83 5.50522e-77 9.65548e-66 2.3175e-47 1.43428e-23 0.00016191 0.999838

Compute the effective sample sizes
==================================
Data set: 1
Data_set Group Group Line Readers Obs Obs_probability Pred_Probability
Data Point: 1 1 1 22 1 1 17 0.62963 0.0630837 27
Data Point: 1 1 1 25 1 2 2 0.0740741 0.0090106 27
Data Point: 1 1 1 24 2 1 1 0.037037 0.00203735 27
Data Point: 1 1 1 17 2 2 22 0.814815 0.0901772 27
Data Point: 1 1 1 26 2 3 1 0.037037 0.0245907 27
Data Point: 1 1 1 27 2 4 1 0.037037 0.00148731 27
Data Point: 1 1 1 23 3 2 5 0.185185 0.0090106 27
Data Point: 1 1 1 1 3 3 39 1.44444 0.125948 27
Data Point: 1 1 1 11 3 4 16 0.592593 0.058243 27
Data Point: 1 1 1 6 3 5 2 0.0740741 0.00344215 27
Data Point: 1 1 1 15 4 3 7 0.259259 0.0245907 27
Data Point: 1 1 1 7 4 4 55 2.03704 0.190229 27
Data Point: 1 1 1 10 4 5 19 0.703704 0.0477772 27
Data Point: 1 1 1 18 4 6 2 0.0740741 0.00281305 27
Data Point: 1 1 1 13 5 4 10 0.37037 0.058243 27
Data Point: 1 1 1 5 5 5 31 1.14815 0.113888 27
Data Point: 1 1 1 3 5 6 9 0.333333 0.0195135 27
Data Point: 1 1 1 16 6 4 1 0.037037 0.00148731 27
Data Point: 1 1 1 20 6 5 4 0.148148 0.0477772 27
Data Point: 1 1 1 9 6 6 10 0.37037 0.0372025 27
Data Point: 1 1 1 19 6 7 5 0.185185 0.00811749 27
Data Point: 1 1 1 8 7 5 2 0.0740741 0.00344215 27
Data Point: 1 1 1 4 7 6 1 0.037037 0.0195135 27
Data Point: 1 1 1 21 7 7 3 0.111111 0.0131872 27
Data Point: 1 1 1 2 8 7 1 0.037037 0.00811749 27
Data Point: 1 1 1 12 8 9 1 0.037037 0.000842468 27
Data Point: 1 1 1 14 9 8 1 0.037037 0.000882354 27
Data_Set Predicted_EFF Assumed_Eff Sample_size
1 1.09178 268 268

