7871.86  -7871.83
Total number of readers: 2
Number of data sets: 1
Bias options by reader:  0 1
Sigma options by reader:  2 -1
Total objective function: 7871.86
Number of readers: 2
Range of ages: 0 - 20
Reader #1 Minus/Plus ages: 0 / 18
Number of data sets: 1
Number of lines of data per data set:  45
Number of data points per data set: 1874

Reader BiasType SigmaType
1 0 2
2 1 -1

Reader Age CV SD Expected age
1 0 1 1 0.5
1 1 1 1 1.5
1 2 0.758758 1.51752 2.5
1 3 0.676628 2.02988 3.5
1 4 0.634288 2.53715 4.5
1 5 0.607875 3.03937 5.5
1 6 0.589433 3.5366 6.5
1 7 0.575554 4.02888 7.5
1 8 0.564532 4.51625 8.5
1 9 0.55542 4.99878 9.5
1 10 0.547651 5.47651 10.5
1 11 0.540862 5.94949 11.5
1 12 0.534813 6.41775 12.5
1 13 0.529336 6.88136 13.5
1 14 0.524311 7.34036 14.5
1 15 0.519652 7.79479 15.5
1 16 0.515293 8.24469 16.5
1 17 0.511184 8.69013 17.5
1 18 0.507285 9.13112 18.5
1 19 0.503565 9.56773 19.5
1 20 0.5 10 20.5
2 0 1 1 0.5
2 1 1 1 1.5
2 2 0.758758 1.51752 2.5
2 3 0.676628 2.02988 3.5
2 4 0.634288 2.53715 4.5
2 5 0.607875 3.03937 5.5
2 6 0.589433 3.5366 6.5
2 7 0.575554 4.02888 7.5
2 8 0.564532 4.51625 8.5
2 9 0.55542 4.99878 9.5
2 10 0.547651 5.47651 10.5
2 11 0.540862 5.94949 11.5
2 12 0.534813 6.41775 12.5
2 13 0.529336 6.88136 13.5
2 14 0.524311 7.34036 14.5
2 15 0.519652 7.79479 15.5
2 16 0.515293 8.24469 16.5
2 17 0.511184 8.69013 17.5
2 18 0.507285 9.13112 18.5
2 19 0.503565 9.56773 19.5
2 20 0.5 10 20.5

Estimated age-structure by data set
===================================
Age Data set#1 
0 0.000826667 
1 0.09096 
2 0.14376 
3 0.18136 
4 0.209093 
5 0.19976 
6 0.10456 
7 0.0498933 
8 0.01256 
9 0.00562667 
10 0.000533333 
11 0.000293333 
12 0.00056 
13 2.66667e-05 
14 2.66667e-05 
15 2.66667e-05 
16 2.66667e-05 
17 2.66667e-05 
18 2.66667e-05 
19 2.66667e-05 
20 2.66667e-05 

Final age-reading error matrices
Matrix for reader# 1
 0.691426 0.241403 0.0607313 0.00617474 0.000260642 4.77299e-06 4.02992e-08 1.69173e-10 3.85025e-13 5.55112e-16 0 0 0 0 0 0 0 0 0 0 0
 0.308574 0.382852 0.241403 0.0607313 0.00617474 0.000260642 4.77299e-06 4.02992e-08 1.69173e-10 3.85025e-13 5.55112e-16 0 0 0 0 0 0 0 0 0 0
 0.161661 0.209244 0.258189 0.209244 0.111544 0.0392864 0.00921038 0.00145249 0.000156182 1.16401e-05 6.12887e-07 2.3294e-08 6.54341e-10 1.39342e-11 2.31037e-13 3.10862e-15 0 0 0 0 0
 0.109341 0.120728 0.172654 0.194555 0.172654 0.120728 0.0666223 0.0290906 0.0100876 0.00279096 0.000619601 0.000111103 1.62121e-05 1.94111e-06 1.9243e-07 1.59483e-08 1.11646e-09 6.67327e-11 3.44402e-12 1.55209e-13 6.43929e-15
 0.0842074 0.0782127 0.114826 0.144642 0.156223 0.144642 0.114826 0.0782127 0.0457611 0.0230343 0.00999498 0.0037478 0.00121786 0.00034408 8.48275e-05 1.83215e-05 3.48178e-06 5.8488e-07 8.72738e-08 1.16276e-08 1.55696e-09
 0.0697214 0.0552925 0.0805033 0.10534 0.12381 0.130665 0.12381 0.10534 0.0805033 0.0552925 0.0341576 0.018998 0.00952481 0.00431072 0.001764 0.000653881 0.000220003 6.73354e-05 1.8792e-05 4.79424e-06 1.42034e-06
 0.0603264 0.0415923 0.059451 0.078538 0.0958488 0.10803 0.112427 0.10803 0.0958488 0.078538 0.059451 0.0415923 0.0269079 0.0161083 0.00893031 0.00458907 0.00218811 0.000969146 0.000399232 0.000153165 8.11471e-05
 0.0537139 0.0327229 0.0458221 0.0603883 0.0748759 0.0873232 0.0957708 0.098766 0.0957708 0.0873232 0.0748759 0.0603883 0.0458221 0.0327229 0.0220017 0.0139347 0.00831776 0.00468225 0.00248736 0.00124791 0.00104221
 0.0487736 0.0266186 0.0365393 0.0477963 0.0595629 0.070699 0.0799161 0.0860173 0.0881539 0.0860173 0.0799161 0.070699 0.0595629 0.0477963 0.0365393 0.0266186 0.0184841 0.0122392 0.0077307 0.00465999 0.0056596
 0.0449118 0.0222124 0.0299358 0.0387893 0.0483141 0.0578362 0.0665317 0.073538 0.0780934 0.0796745 0.0780934 0.073538 0.0665317 0.0578362 0.0483141 0.0387893 0.0299358 0.0222124 0.01585 0.0108794 0.0181825
 0.0417844 0.0189095 0.0250642 0.0321527 0.0399121 0.0479349 0.055694 0.0625937 0.068043 0.0715392 0.0727446 0.0715392 0.068043 0.0625937 0.055694 0.0479349 0.0399121 0.0321527 0.0250642 0.0189095 0.0417844
 0.0391791 0.0163569 0.0213592 0.0271296 0.0335135 0.0402589 0.0470249 0.0534047 0.0589637 0.0632877 0.0660337 0.0669758 0.0660337 0.0632877 0.0589637 0.0534047 0.0470249 0.0402589 0.0335135 0.0271296 0.0768953
 0.0369586 0.0143341 0.0184686 0.0232366 0.0285458 0.0342372 0.040087 0.045817 0.0511138 0.0556563 0.0591478 0.0613476 0.0620993 0.0613476 0.0591478 0.0556563 0.0511138 0.045817 0.040087 0.0342372 0.121544
 0.03503 0.0126972 0.0161639 0.0201564 0.0246189 0.0294497 0.0344998 0.0395771 0.0444572 0.0488975 0.0526577 0.0555204 0.0573127 0.0579232 0.0573127 0.0555204 0.0526577 0.0488975 0.0444572 0.0395771 0.172616
 0.0333284 0.011349 0.014292 0.0176746 0.0214634 0.0255923 0.0299606 0.0344349 0.0388538 0.0430363 0.0467934 0.0499425 0.0523216 0.0538035 0.0543071 0.0538035 0.0523216 0.0499425 0.0467934 0.0430363 0.226949
 0.0318072 0.0102218 0.0127472 0.0156432 0.0188899 0.022444 0.026237 0.0301752 0.0341418 0.0380021 0.04161 0.0448171 0.0474825 0.0494835 0.0507247 0.0511455 0.0507247 0.0494835 0.0474825 0.0448171 0.281919
 0.0304321 0.009267 0.0114546 0.013957 0.0167628 0.0198437 0.0231524 0.0266227 0.0301697 0.0336927 0.0370796 0.0402119 0.0429719 0.0452497 0.0469508 0.0480022 0.0483581 0.0480022 0.0469508 0.0452497 0.335618
 0.0291773 0.00844906 0.0103599 0.01254 0.0149836 0.017672 0.0205728 0.0236384 0.0268068 0.0300027 0.03314 0.0361251 0.0388615 0.0412548 0.0432185 0.0446784 0.0455781 0.0458822 0.0455781 0.0446784 0.386802
 0.028023 0.00774138 0.00942277 0.0113362 0.0134792 0.0158399 0.0183957 0.0211125 0.0239447 0.0268356 0.0297191 0.0325214 0.0351645 0.0375692 0.0396593 0.0413656 0.0426294 0.0434063 0.0436686 0.0434063 0.434759
 0.0269536 0.00712373 0.00861296 0.0103034 0.0121949 0.0142799 0.0165428 0.0189591 0.021495 0.0241076 0.0267461 0.0293525 0.0318639 0.0342148 0.03634 0.0381773 0.0396707 0.0407732 0.0414496 0.0416777 0.479161
 0.025957 0.00658046 0.00790726 0.00940965 0.0110888 0.0129402 0.0149533 0.0171102 0.0193859 0.0217479 0.0241568 0.0265672 0.0289284 0.0311868 0.0332873 0.0351754 0.0368002 0.0381159 0.0390846 0.0396778 0.519939
Matrix for reader# 2
 0.691426 0.241403 0.0607313 0.00617474 0.000260642 4.77299e-06 4.02992e-08 1.69173e-10 3.85025e-13 5.55112e-16 0 0 0 0 0 0 0 0 0 0 0
 0.308574 0.382852 0.241403 0.0607313 0.00617474 0.000260642 4.77299e-06 4.02992e-08 1.69173e-10 3.85025e-13 5.55112e-16 0 0 0 0 0 0 0 0 0 0
 0.161661 0.209244 0.258189 0.209244 0.111544 0.0392864 0.00921038 0.00145249 0.000156182 1.16401e-05 6.12887e-07 2.3294e-08 6.54341e-10 1.39342e-11 2.31037e-13 3.10862e-15 0 0 0 0 0
 0.109341 0.120728 0.172654 0.194555 0.172654 0.120728 0.0666223 0.0290906 0.0100876 0.00279096 0.000619601 0.000111103 1.62121e-05 1.94111e-06 1.9243e-07 1.59483e-08 1.11646e-09 6.67327e-11 3.44402e-12 1.55209e-13 6.43929e-15
 0.0842074 0.0782127 0.114826 0.144642 0.156223 0.144642 0.114826 0.0782127 0.0457611 0.0230343 0.00999498 0.0037478 0.00121786 0.00034408 8.48275e-05 1.83215e-05 3.48178e-06 5.8488e-07 8.72738e-08 1.16276e-08 1.55696e-09
 0.0697214 0.0552925 0.0805033 0.10534 0.12381 0.130665 0.12381 0.10534 0.0805033 0.0552925 0.0341576 0.018998 0.00952481 0.00431072 0.001764 0.000653881 0.000220003 6.73354e-05 1.8792e-05 4.79424e-06 1.42034e-06
 0.0603264 0.0415923 0.059451 0.078538 0.0958488 0.10803 0.112427 0.10803 0.0958488 0.078538 0.059451 0.0415923 0.0269079 0.0161083 0.00893031 0.00458907 0.00218811 0.000969146 0.000399232 0.000153165 8.11471e-05
 0.0537139 0.0327229 0.0458221 0.0603883 0.0748759 0.0873232 0.0957708 0.098766 0.0957708 0.0873232 0.0748759 0.0603883 0.0458221 0.0327229 0.0220017 0.0139347 0.00831776 0.00468225 0.00248736 0.00124791 0.00104221
 0.0487736 0.0266186 0.0365393 0.0477963 0.0595629 0.070699 0.0799161 0.0860173 0.0881539 0.0860173 0.0799161 0.070699 0.0595629 0.0477963 0.0365393 0.0266186 0.0184841 0.0122392 0.0077307 0.00465999 0.0056596
 0.0449118 0.0222124 0.0299358 0.0387893 0.0483141 0.0578362 0.0665317 0.073538 0.0780934 0.0796745 0.0780934 0.073538 0.0665317 0.0578362 0.0483141 0.0387893 0.0299358 0.0222124 0.01585 0.0108794 0.0181825
 0.0417844 0.0189095 0.0250642 0.0321527 0.0399121 0.0479349 0.055694 0.0625937 0.068043 0.0715392 0.0727446 0.0715392 0.068043 0.0625937 0.055694 0.0479349 0.0399121 0.0321527 0.0250642 0.0189095 0.0417844
 0.0391791 0.0163569 0.0213592 0.0271296 0.0335135 0.0402589 0.0470249 0.0534047 0.0589637 0.0632877 0.0660337 0.0669758 0.0660337 0.0632877 0.0589637 0.0534047 0.0470249 0.0402589 0.0335135 0.0271296 0.0768953
 0.0369586 0.0143341 0.0184686 0.0232366 0.0285458 0.0342372 0.040087 0.045817 0.0511138 0.0556563 0.0591478 0.0613476 0.0620993 0.0613476 0.0591478 0.0556563 0.0511138 0.045817 0.040087 0.0342372 0.121544
 0.03503 0.0126972 0.0161639 0.0201564 0.0246189 0.0294497 0.0344998 0.0395771 0.0444572 0.0488975 0.0526577 0.0555204 0.0573127 0.0579232 0.0573127 0.0555204 0.0526577 0.0488975 0.0444572 0.0395771 0.172616
 0.0333284 0.011349 0.014292 0.0176746 0.0214634 0.0255923 0.0299606 0.0344349 0.0388538 0.0430363 0.0467934 0.0499425 0.0523216 0.0538035 0.0543071 0.0538035 0.0523216 0.0499425 0.0467934 0.0430363 0.226949
 0.0318072 0.0102218 0.0127472 0.0156432 0.0188899 0.022444 0.026237 0.0301752 0.0341418 0.0380021 0.04161 0.0448171 0.0474825 0.0494835 0.0507247 0.0511455 0.0507247 0.0494835 0.0474825 0.0448171 0.281919
 0.0304321 0.009267 0.0114546 0.013957 0.0167628 0.0198437 0.0231524 0.0266227 0.0301697 0.0336927 0.0370796 0.0402119 0.0429719 0.0452497 0.0469508 0.0480022 0.0483581 0.0480022 0.0469508 0.0452497 0.335618
 0.0291773 0.00844906 0.0103599 0.01254 0.0149836 0.017672 0.0205728 0.0236384 0.0268068 0.0300027 0.03314 0.0361251 0.0388615 0.0412548 0.0432185 0.0446784 0.0455781 0.0458822 0.0455781 0.0446784 0.386802
 0.028023 0.00774138 0.00942277 0.0113362 0.0134792 0.0158399 0.0183957 0.0211125 0.0239447 0.0268356 0.0297191 0.0325214 0.0351645 0.0375692 0.0396593 0.0413656 0.0426294 0.0434063 0.0436686 0.0434063 0.434759
 0.0269536 0.00712373 0.00861296 0.0103034 0.0121949 0.0142799 0.0165428 0.0189591 0.021495 0.0241076 0.0267461 0.0293525 0.0318639 0.0342148 0.03634 0.0381773 0.0396707 0.0407732 0.0414496 0.0416777 0.479161
 0.025957 0.00658046 0.00790726 0.00940965 0.0110888 0.0129402 0.0149533 0.0171102 0.0193859 0.0217479 0.0241568 0.0265672 0.0289284 0.0311868 0.0332873 0.0351754 0.0368002 0.0381159 0.0390846 0.0396778 0.519939

Compute the effective sample sizes
==================================
