8337.19  -8337.16
Total number of readers: 2
Number of data sets: 1
Bias options by reader:  2 0
Sigma options by reader:  2 2
Total objective function: 8337.19
Number of readers: 2
Range of ages: 1 - 14
Reader #1 Minus/Plus ages: 0 / 10
Number of data sets: 1
Number of lines of data per data set:  45
Number of data points per data set: 1874

Reader BiasType SigmaType
1 2 2
2 0 2

Reader Age CV SD Expected age
1 0 1 1 0.428242
1 1 1 1 1.5
1 2 0.867302 1.7346 2.56109
1 3 0.820632 2.4619 3.61163
1 4 0.795489 3.18195 4.65171
1 5 0.778969 3.89485 5.68145
1 6 0.766774 4.60065 6.70093
1 7 0.75706 5.29942 7.71028
1 8 0.748906 5.99125 8.70958
1 9 0.741798 6.67618 9.69893
1 10 0.735431 7.35431 10.6784
1 11 0.729608 8.02569 11.6482
1 12 0.724199 8.69038 12.6083
1 13 0.719113 9.34847 13.5589
1 14 0.714286 10 14.5
2 0 1 1 0.5
2 1 1 1 1.5
2 2 0.867302 1.7346 2.5
2 3 0.820632 2.4619 3.5
2 4 0.795489 3.18195 4.5
2 5 0.778969 3.89485 5.5
2 6 0.766774 4.60065 6.5
2 7 0.75706 5.29942 7.5
2 8 0.748906 5.99125 8.5
2 9 0.741798 6.67618 9.5
2 10 0.735431 7.35431 10.5
2 11 0.729608 8.02569 11.5
2 12 0.724199 8.69038 12.5
2 13 0.719113 9.34847 13.5
2 14 0.714286 10 14.5

Estimated age-structure by data set
===================================
Age Data set#1 
0 0.000825786 
1 0.0908631 
2 0.143607 
3 0.181167 
4 0.208871 
5 0.199547 
6 0.104449 
7 0.0498402 
8 0.0125466 
9 0.00562067 
10 0.000532765 
11 0.000532765 
12 0.000532765 
13 0.000532765 
14 0.000532765 

Final age-reading error matrices
Matrix for reader# 1
 0.716204 0.225417 0.05311 0.00506423 0.000200996 3.4741e-06 2.78237e-08 1.11448e-10 2.43583e-13 3.33067e-16 0 0 0 0 0
 0.308574 0.382852 0.241403 0.0607313 0.00617474 0.000260642 4.77299e-06 4.02992e-08 1.69173e-10 3.85025e-13 5.55112e-16 0 0 0 0
 0.184229 0.188951 0.226692 0.196591 0.123335 0.0561276 0.0186123 0.00452623 0.000813894 0.000109304 1.10919e-05 8.61776e-07 5.20145e-08 2.47771e-09 9.77651e-11
 0.144612 0.111817 0.145474 0.16077 0.15088 0.120268 0.0814827 0.0469792 0.0230891 0.00969443 0.0034867 0.00107759 0.00028721 6.62821e-05 1.60516e-05
 0.12582 0.0766365 0.0994337 0.116971 0.124719 0.120516 0.105546 0.0837988 0.0603423 0.0394335 0.0234055 0.0126301 0.00620353 0.00277714 0.00176739
 0.11497 0.0574855 0.0732116 0.0873333 0.0975566 0.102036 0.0999164 0.0916068 0.0786446 0.0632336 0.0476307 0.0336235 0.0222541 0.013817 0.0166808
 0.107937 0.0457118 0.0570488 0.0679354 0.0771802 0.0836417 0.0864607 0.0852462 0.0801683 0.0719156 0.0615432 0.0502502 0.0391541 0.0291205 0.0566866
 0.103018 0.0378364 0.04635 0.0548079 0.0625517 0.0688965 0.0732296 0.0751091 0.0743365 0.0709943 0.0654287 0.0581916 0.0499501 0.0413851 0.117914
 0.0993902 0.032238 0.0388528 0.0455488 0.0519387 0.0576016 0.062127 0.0651647 0.0664693 0.065932 0.0635983 0.059659 0.0544252 0.0482883 0.188766
 0.0966054 0.0280721 0.0333575 0.0387659 0.0440571 0.048963 0.0532089 0.056539 0.058742 0.0596735 0.0592703 0.0575603 0.0546566 0.0507463 0.259782
 0.0944017 0.0248609 0.0291822 0.0336327 0.0380562 0.0422754 0.0461034 0.0493567 0.05187 0.0535102 0.0541882 0.0538657 0.0525613 0.0503463 0.325789
 0.0926148 0.0223149 0.0259164 0.0296398 0.0333793 0.037014 0.0404135 0.0434457 0.0459852 0.0479217 0.0491682 0.0496675 0.0493958 0.0483663 0.384757
 0.0911372 0.02025 0.0233003 0.0264609 0.0296576 0.0328055 0.0358115 0.0385792 0.0410139 0.0430278 0.0445452 0.0455076 0.0458773 0.0456389 0.436387
 0.0898952 0.0185433 0.0211625 0.0238796 0.0266412 0.0293859 0.0320459 0.0345497 0.0368254 0.0388039 0.0404225 0.0416281 0.0423803 0.0426535 0.481183
 0.0888367 0.0171102 0.0193859 0.0217479 0.0241568 0.0265672 0.0289284 0.0311868 0.0332873 0.0351754 0.0368002 0.0381159 0.0390846 0.0396778 0.519939
Matrix for reader# 2
 0.691426 0.241403 0.0607313 0.00617474 0.000260642 4.77299e-06 4.02992e-08 1.69173e-10 3.85025e-13 5.55112e-16 0 0 0 0 0
 0.308574 0.382852 0.241403 0.0607313 0.00617474 0.000260642 4.77299e-06 4.02992e-08 1.69173e-10 3.85025e-13 5.55112e-16 0 0 0 0
 0.193736 0.19285 0.226829 0.19285 0.118627 0.0529429 0.0172232 0.00411084 0.000725916 9.58007e-05 9.56051e-06 7.3111e-07 4.34741e-08 2.04225e-09 7.95228e-11
 0.155147 0.116083 0.148303 0.160934 0.148303 0.116083 0.077238 0.0437412 0.0211207 0.00871479 0.00308125 0.000936499 0.000245573 5.57843e-05 1.32655e-05
 0.135918 0.0802278 0.10256 0.118864 0.12486 0.118864 0.10256 0.0802278 0.0569241 0.0366585 0.0214448 0.0114072 0.0055241 0.00243874 0.00152036
 0.124232 0.0603558 0.0759614 0.0895413 0.0988365 0.102146 0.0988365 0.0895413 0.0759614 0.0603558 0.0449295 0.0313469 0.0205072 0.0125864 0.0148619
 0.116227 0.0479725 0.0593095 0.0699636 0.0787351 0.0845208 0.0865433 0.0845208 0.0787351 0.0699636 0.0593095 0.0479725 0.0370307 0.0272857 0.0519105
 0.110285 0.0396018 0.048154 0.0565187 0.0640244 0.0699926 0.0738392 0.0751684 0.0738392 0.0699926 0.0640244 0.0565187 0.048154 0.0396018 0.110285
 0.105614 0.0336006 0.0402615 0.0469271 0.0531999 0.0586571 0.0628969 0.0655874 0.0665101 0.0655874 0.0628969 0.0586571 0.0531999 0.0469271 0.179476
 0.101782 0.0291037 0.0344307 0.0398361 0.0450726 0.0498688 0.0539519 0.0570727 0.0590318 0.0597001 0.0590318 0.0570727 0.0539519 0.0498688 0.250225
 0.0985312 0.0256164 0.0299711 0.0344289 0.0388294 0.0429926 0.0467311 0.0498637 0.0522299 0.0537035 0.0542042 0.0537035 0.0522299 0.0498637 0.317101
 0.0957022 0.0228374 0.026463 0.0301958 0.0339277 0.0375359 0.0408892 0.0438561 0.0463127 0.0481517 0.0492903 0.049676 0.0492903 0.0481517 0.37772
 0.0931884 0.0205731 0.0236386 0.0268069 0.0300026 0.0331397 0.0361245 0.0388607 0.0412539 0.0432174 0.0446771 0.0455768 0.0458809 0.0455768 0.431483
 0.0909171 0.018694 0.0213203 0.0240415 0.026804 0.0295456 0.0321984 0.0346908 0.0369508 0.0389098 0.0405054 0.0416853 0.0424098 0.0426543 0.478673
 0.0888367 0.0171102 0.0193859 0.0217479 0.0241568 0.0265672 0.0289284 0.0311868 0.0332873 0.0351754 0.0368002 0.0381159 0.0390846 0.0396778 0.519939

Compute the effective sample sizes
==================================
